1678373917513
1678373917518
1678373917523
1678373917548
1678373917573
1678373917598
1678373917623
1678373917647
1678373917672
1678373917697
1678373917722
1678373917747
1678373917772
1678373917797
1678373917822
1678373917847
1678373917872
1678373917897
1678373917922
1678373917946
1678373917972
1678373917997
1678373918022
1678373918047
1678373918072
1678373918097
1678373918122
1678373918147
1678373918172
1678373918197
1678373918222
1678373918247
1678373918272
1678373918297
1678373918322
1678373918347
1678373918372
1678373918397
1678373918422
1678373918447
1678373918472
1678373918497
1678373918522
1678373918547
1678373918571
1678373918597
1678373918622
1678373918647
1678373918672
1678373918697
1678373918722
1678373918747
1678373918772
1678373918797
1678373918822
1678373918847
1678373918872
1678373918897
1678373918922
1678373918947
1678373918972
1678373918997
1678373919022
1678373919047
1678373919072
1678373919097
1678373919122
1678373919147
1678373919172
1678373919197
1678373919222
1678373919247
1678373919272
1678373919297
1678373919322
1678373919347
1678373919372
1678373919396
1678373919421
1678373919446
1678373919471
1678373919496
1678373919521
1678373919546
1678373919571
1678373919596
1678373919621
1678373919646
1678373919671
1678373919696
1678373919721
1678373919746
1678373919771
1678373919796
1678373919820
1678373919845
1678373919870
1678373919895
1678373919920
1678373919945
1678373919970
1678373919995
1678373920021
1678373920045
1678373920070
1678373920095
1678373920120
1678373920145
1678373920170
1678373920195
1678373920220
1678373920245
1678373920270
1678373920295
1678373920320
1678373920345
1678373920370
1678373920395
1678373920420
1678373920445
1678373920470
1678373920495
1678373920520
1678373920545
1678373920570
1678373920595
1678373920620
1678373920645
1678373920670
1678373920695
1678373920720
1678373920745
1678373920770
1678373920795
1678373920820
1678373920845
1678373920870
1678373920895
1678373920920
1678373920945
1678373920970
1678373920995
1678373921020
1678373921045
1678373921070
1678373921094
1678373921120
1678373921145
1678373921169
1678373921194
1678373921219
1678373921244
1678373921269
1678373921294
1678373921319
1678373921344
1678373921369
1678373921394
1678373921419
1678373921444
1678373921469
1678373921494
1678373921519
1678373921544
1678373921569
1678373921594
1678373921619
1678373921644
1678373921669
1678373921694
1678373921719
1678373921744
1678373921769
1678373921794
1678373921819
1678373921844
1678373921869
1678373921894
1678373921919
1678373921944
1678373921969
1678373921994
1678373922019
1678373922044
1678373922069
1678373922094
1678373922119
1678373922144
1678373922168
1678373922194
1678373922219
1678373922244
1678373922269
1678373922294
1678373922319
1678373922344
1678373922369
1678373922394
