0.4369 -0.0819 0.3626 0.819 3.78 22.15 -133.19 0.0388
0.4358 -0.0823 0.3622 0.8197 2.52 21.69 -133.61 0.0373
0.4348 -0.0834 0.3619 0.8203 1.02 21.39 -134.02 0.0393
0.434 -0.0854 0.362 0.8204 -0.62 21.21 -134.37 0.0399
0.4333 -0.0869 0.3617 0.8208 -2.21 21.04 -134.68 0.0399
0.4327 -0.0881 0.3612 0.8212 -3.62 20.86 -134.94 0.0415
0.4321 -0.0893 0.3607 0.8216 -4.69 20.79 -135.31 0.0342
0.4314 -0.0902 0.3617 0.8214 -5.24 20.95 -135.88 0.0385
0.4309 -0.0904 0.3626 0.8213 -5.57 21.07 -136.33 0.0454
0.4309 -0.0906 0.3625 0.8213 -5.84 20.91 -136.46 0.0393
0.4306 -0.0904 0.3621 0.8216 -5.97 20.65 -136.37 0.0399
0.4304 -0.09 0.3619 0.8219 -5.97 20.4 -136.38 0.0403
0.4304 -0.0903 0.3619 0.8219 -6.08 20.34 -136.43 0.0389
0.4301 -0.0907 0.3616 0.8221 -6.47 20.51 -136.48 0.036
0.4293 -0.0918 0.3612 0.8226 -7.29 20.88 -136.43 0.0391
0.4287 -0.0943 0.3608 0.8228 -8.74 21.33 -136.13 0.037
0.4278 -0.097 0.3598 0.8234 -10.9 21.8 -135.59 0.0389
0.4268 -0.1011 0.3576 0.8244 -13.62 22.29 -134.76 0.0326
0.4259 -0.1054 0.3559 0.825 -16.35 23.06 -133.87 0.0294
0.4251 -0.1094 0.3546 0.8255 -18.73 24.03 -133.15 0.0259
0.4236 -0.1134 0.3538 0.826 -20.93 25.17 -132.6 0.0311
0.4223 -0.117 0.3535 0.8264 -22.98 26.38 -131.96 0.0376
0.4217 -0.1204 0.3521 0.8268 -24.9 27.25 -131.14 0.0332
0.4215 -0.1236 0.3505 0.8271 -26.46 28.05 -130.35 0.0278
0.4213 -0.1254 0.3499 0.8271 -27.18 28.89 -129.85 0.0353
0.4219 -0.1257 0.3496 0.8269 -26.95 29.84 -129.59 0.0321
0.4228 -0.1249 0.3497 0.8265 -26.08 30.82 -129.58 0.0294
0.4235 -0.1251 0.3501 0.826 -25.32 31.75 -129.62 0.0283
0.4233 -0.1248 0.3505 0.8259 -24.8 32.58 -129.52 0.0368
0.423 -0.124 0.3501 0.8264 -24.65 33.16 -129.35 0.0364
0.4233 -0.1241 0.3496 0.8264 -25.08 33.72 -129.05 0.0316
0.423 -0.1254 0.3488 0.8267 -26.2 34.27 -128.47 0.0311
0.4223 -0.1273 0.3479 0.8272 -27.75 34.85 -127.77 0.0338
0.4223 -0.1288 0.3467 0.8274 -29.1 35.66 -127.34 0.0285
0.4225 -0.1298 0.347 0.8271 -29.79 36.57 -127.18 0.0333
0.4227 -0.1299 0.347 0.827 -30.06 37.53 -126.93 0.0341
0.423 -0.1302 0.3468 0.8268 -30.19 38.4 -126.5 0.0304
0.4232 -0.1308 0.3467 0.8267 -30.29 39.22 -126.05 0.0296
0.423 -0.1305 0.3469 0.8267 -30.18 40 -125.67 0.0296
0.4232 -0.1302 0.347 0.8267 -29.93 40.72 -125.39 0.0273
0.4233 -0.1305 0.3473 0.8264 -29.72 41.54 -125.19 0.0333
