1676021501318
1676021501318
1676021501321
1676021501321
1676021501323
1676021501323
1676021501325
1676021501325
1676021501327
1676021501327
1676021501329
1676021501329
1676021501331
1676021501331
1676021501333
1676021501333
1676021501335
1676021501335
1676021501338
1676021501338
1676021501340
1676021501340
1676021501342
1676021501342
1676021501344
1676021501344
1676021501346
1676021501346
1676021501348
1676021501348
1676021501350
1676021501350
1676021501353
1676021501353
1676021501355
1676021501355
1676021501358
1676021501358
1676021501360
1676021501360
1676021501363
1676021501363
1676021501365
1676021501365
1676021501368
1676021501368
1676021501370
1676021501370
1676021501372
1676021501372
1676021501374
1676021501374
1676021501376
1676021501376
1676021501378
1676021501378
1676021501380
1676021501380
1676021501382
1676021501382
1676021501384
1676021501384
1676021501386
1676021501386
1676021501388
1676021501388
1676021501390
1676021501390
1676021501392
1676021501392
1676021501394
1676021501394
1676021501396
1676021501396
1676021501398
1676021501398
1676021501400
1676021501400
1676021501402
1676021501402
1676021501404
1676021501404
1676021501406
1676021501406
1676021501408
1676021501408
1676021501410
1676021501410
1676021501412
1676021501412
1676021501414
1676021501414
1676021501416
1676021501416
1676021501418
1676021501418
1676021501420
1676021501420
1676021501422
1676021501422
1676021501424
1676021501424
1676021501426
1676021501426
1676021501428
1676021501428
1676021501430
1676021501430
1676021501432
1676021501432
1676021501434
1676021501434
1676021501436
1676021501436
1676021501438
1676021501438
1676021501440
1676021501440
1676021501442
1676021501442
1676021501444
1676021501444
1676021501446
1676021501446
1676021501448
1676021501448
1676021501450
1676021501450
1676021501452
1676021501452
1676021501454
1676021501454
1676021501456
1676021501456
1676021501458
1676021501458
1676021501460
1676021501460
1676021501462
1676021501462
1676021501464
1676021501464
1676021501466
1676021501466
1676021501468
1676021501468
1676021501470
1676021501470
1676021501472
1676021501472
1676021501474
1676021501474
1676021501476
1676021501476
1676021501478
1676021501478
1676021501480
1676021501480
1676021501482
1676021501482
1676021501484
1676021501484
1676021501486
1676021501486
1676021501488
1676021501488
1676021501490
1676021501490
1676021501492
1676021501492
1676021501494
1676021501494
1676021501496
1676021501496
1676021501498
1676021501498
1676021501500
1676021501500
1676021501502
1676021501502
1676021501504
1676021501504
1676021501506
1676021501506
1676021501508
1676021501508
1676021501510
1676021501510
1676021501512
1676021501512
1676021501514
1676021501514
1676021501516
1676021501516
1676021501519
1676021501519
1676021501521
1676021501521
1676021501523
1676021501523
1676021501525
1676021501525
1676021501527
1676021501527
1676021501529
1676021501529
1676021501531
1676021501531
1676021501533
1676021501533
1676021501535
1676021501535
1676021501537
1676021501537
1676021501539
1676021501539
1676021501541
1676021501541
1676021501544
1676021501544
1676021501546
1676021501546
1676021501548
1676021501548
1676021501550
1676021501550
1676021501552
1676021501552
1676021501554
1676021501554
1676021501556
1676021501556
1676021501558
1676021501558
1676021501560
1676021501560
1676021501562
1676021501562
1676021501564
1676021501564
1676021501566
1676021501566
1676021501569
1676021501569
1676021501571
1676021501571
1676021501573
1676021501573
1676021501575
1676021501575
1676021501577
1676021501577
1676021501579
1676021501579
1676021501581
1676021501581
1676021501583
1676021501583
1676021501585
1676021501585
1676021501587
1676021501587
1676021501589
1676021501589
1676021501591
1676021501591
1676021501594
1676021501594
1676021501596
1676021501596
1676021501599
1676021501599
1676021501601
1676021501601
1676021501604
1676021501604
1676021501606
1676021501606
1676021501609
1676021501609
1676021501611
1676021501611
1676021501614
1676021501614
1676021501616
1676021501616
1676021501619
1676021501619
1676021501621
1676021501621
1676021501624
1676021501624
1676021501626
1676021501626
1676021501629
1676021501629
1676021501631
1676021501631
1676021501634
1676021501634
1676021501636
1676021501636
1676021501639
1676021501639
1676021501641
1676021501641
1676021501644
1676021501644
1676021501646
1676021501646
1676021501649
1676021501649
1676021501651
1676021501651
1676021501654
1676021501654
1676021501656
1676021501656
1676021501659
1676021501659
1676021501661
1676021501661
1676021501664
1676021501664
1676021501666
1676021501666
1676021501669
1676021501669
1676021501671
1676021501671
1676021501674
1676021501674
1676021501676
1676021501676
1676021501679
1676021501679
1676021501681
1676021501681
1676021501684
1676021501684
1676021501686
1676021501686
1676021501689
1676021501689
1676021501691
1676021501691
1676021501694
1676021501694
1676021501696
1676021501696
1676021501699
1676021501699
1676021501701
1676021501701
1676021501704
1676021501704
1676021501706
1676021501706
1676021501709
1676021501709
1676021501711
1676021501711
1676021501714
1676021501714
1676021501716
1676021501716
1676021501719
1676021501719
1676021501721
1676021501721
1676021501724
1676021501724
1676021501726
1676021501726
1676021501729
1676021501729
1676021501731
1676021501731
1676021501734
1676021501734
1676021501736
1676021501736
1676021501739
1676021501739
1676021501741
1676021501741
1676021501744
1676021501744
1676021501746
1676021501746
1676021501749
1676021501749
1676021501751
1676021501751
1676021501754
1676021501754
1676021501756
1676021501756
1676021501759
1676021501759
1676021501761
1676021501761
