-118.1 371.364 -2166.6
-118.102 371.366 -2166.61
-118.101 371.367 -2166.6
-118.103 371.367 -2166.6
-118.104 371.366 -2166.61
-118.104 371.366 -2166.6
-118.102 371.365 -2166.59
-118.102 371.367 -2166.61
-118.103 371.367 -2166.61
-118.102 371.368 -2166.6
-118.102 371.366 -2166.6
-118.103 371.368 -2166.61
-118.104 371.368 -2166.61
-118.102 371.367 -2166.6
-118.104 371.365 -2166.6
-118.105 371.367 -2166.6
-118.102 371.367 -2166.6
-118.102 371.369 -2166.61
-118.103 371.368 -2166.61
-118.101 371.369 -2166.62
-118.101 371.367 -2166.6
-118.104 371.368 -2166.61
-118.102 371.369 -2166.61
-118.102 371.366 -2166.61
-118.104 371.368 -2166.61
-118.104 371.367 -2166.6
-118.102 371.369 -2166.61
-118.101 371.367 -2166.6
-118.102 371.368 -2166.61
-118.1 371.367 -2166.6
-118.105 371.367 -2166.61
-118.104 371.369 -2166.61
-118.104 371.367 -2166.61
-118.102 371.366 -2166.6
-118.103 371.365 -2166.6
-118.102 371.367 -2166.61
-118.103 371.368 -2166.61
-118.103 371.368 -2166.61
-118.104 371.366 -2166.61
-118.104 371.366 -2166.61
-118.103 371.368 -2166.61
-118.102 371.369 -2166.61
-118.1 371.367 -2166.61
-118.105 371.368 -2166.61
-118.105 371.368 -2166.6
-118.103 371.369 -2166.62
-118.102 371.368 -2166.6
-118.101 371.366 -2166.6
-118.101 371.369 -2166.61
-118.102 371.365 -2166.6
-118.105 371.366 -2166.6
-118.102 371.367 -2166.61
-118.101 371.367 -2166.61
-118.104 371.367 -2166.61
-118.104 371.367 -2166.61
-118.103 371.366 -2166.6
-118.104 371.366 -2166.61
-118.103 371.369 -2166.62
-118.103 371.369 -2166.61
-118.103 371.366 -2166.6
-118.102 371.367 -2166.61
-118.105 371.367 -2166.61
-118.103 371.368 -2166.62
-118.105 371.368 -2166.61
-118.103 371.369 -2166.6
-118.104 371.367 -2166.6
-118.104 371.368 -2166.61
-118.103 371.368 -2166.62
-118.103 371.367 -2166.6
-118.104 371.369 -2166.61
-118.102 371.366 -2166.61
-118.102 371.367 -2166.6
-118.102 371.368 -2166.6
-118.105 371.369 -2166.61
-118.102 371.366 -2166.6
-118.102 371.368 -2166.6
-118.104 371.369 -2166.61
-118.105 371.368 -2166.6
-118.102 371.367 -2166.61
-118.103 371.367 -2166.6
-118.102 371.368 -2166.6
-118.101 371.368 -2166.59
-118.101 371.368 -2166.61
-118.102 371.367 -2166.6
-118.103 371.366 -2166.61
-118.102 371.366 -2166.6
-118.103 371.367 -2166.61
-118.103 371.365 -2166.59
-118.101 371.368 -2166.61
-118.103 371.368 -2166.6
-118.1 371.368 -2166.59
-118.102 371.366 -2166.61
-118.104 371.368 -2166.6
-118.102 371.366 -2166.6
-118.101 371.364 -2166.59
-118.101 371.369 -2166.6
-118.103 371.368 -2166.59
-118.104 371.366 -2166.59
-118.106 371.366 -2166.6
-118.105 371.368 -2166.61
-118.101 371.367 -2166.6
-118.102 371.366 -2166.58
-118.101 371.367 -2166.59
-118.102 371.366 -2166.6
-118.103 371.367 -2166.6
-118.102 371.367 -2166.6
-118.105 371.366 -2166.6
-118.103 371.368 -2166.6
-118.101 371.366 -2166.6
-118.105 371.368 -2166.6
-118.101 371.368 -2166.6
-118.098 371.366 -2166.59
-118.103 371.367 -2166.6
-118.104 371.37 -2166.6
-118.102 371.368 -2166.6
-118.103 371.367 -2166.6
-118.105 371.369 -2166.61
-118.104 371.367 -2166.6
-118.102 371.368 -2166.6
-118.102 371.367 -2166.6
-118.104 371.369 -2166.6
-118.106 371.367 -2166.6
-118.103 371.366 -2166.59
-118.104 371.368 -2166.6
-118.103 371.367 -2166.6
-118.103 371.366 -2166.6
-118.105 371.367 -2166.6
-118.107 371.364 -2166.6
-118.106 371.368 -2166.61
-118.104 371.367 -2166.61
-118.103 371.369 -2166.61
-118.103 371.369 -2166.61
-118.107 371.366 -2166.59
-118.106 371.366 -2166.6
-118.104 371.368 -2166.6
-118.104 371.366 -2166.6
-118.102 371.366 -2166.6
-118.105 371.366 -2166.6
-118.105 371.365 -2166.59
-118.106 371.365 -2166.6
-118.103 371.368 -2166.6
-118.104 371.368 -2166.6
-118.104 371.367 -2166.6
-118.107 371.367 -2166.6
-118.105 371.367 -2166.6
-118.102 371.368 -2166.6
-118.104 371.366 -2166.6
-118.104 371.367 -2166.6
-118.106 371.369 -2166.61
-118.105 371.365 -2166.6
-118.102 371.368 -2166.6
-118.105 371.37 -2166.61
-118.105 371.365 -2166.59
-118.104 371.366 -2166.6
-118.104 371.369 -2166.61
-118.104 371.368 -2166.61
-118.105 371.37 -2166.61
-118.102 371.368 -2166.6
-118.105 371.37 -2166.61
-118.107 371.369 -2166.61
-118.105 371.368 -2166.61
-118.102 371.366 -2166.61
-118.103 371.366 -2166.59
-118.104 371.365 -2166.6
-118.104 371.367 -2166.61
-118.104 371.366 -2166.61
-118.102 371.369 -2166.6
-118.102 371.367 -2166.6
-118.104 371.367 -2166.61
-118.103 371.366 -2166.6
-118.105 371.372 -2166.61
-118.101 371.367 -2166.61
-118.102 371.366 -2166.6
-118.103 371.366 -2166.59
-118.105 371.368 -2166.61
-118.103 371.365 -2166.6
-118.102 371.367 -2166.61
-118.103 371.369 -2166.61
-118.1 371.366 -2166.6
-118.102 371.366 -2166.6
-118.1 371.37 -2166.61
-118.103 371.369 -2166.6
-118.103 371.37 -2166.61
-118.101 371.369 -2166.6
-118.103 371.369 -2166.61
-118.102 371.368 -2166.6
-118.102 371.369 -2166.61
-118.103 371.367 -2166.61
-118.103 371.368 -2166.61
-118.104 371.37 -2166.61
-118.103 371.371 -2166.61
-118.102 371.368 -2166.6
-118.105 371.369 -2166.61
-118.102 371.369 -2166.61
-118.102 371.369 -2166.61
-118.103 371.37 -2166.61
-118.099 371.371 -2166.61
-118.098 371.366 -2166.61
-118.102 371.366 -2166.61
-118.103 371.37 -2166.61
-118.104 371.371 -2166.61
-118.102 371.371 -2166.61
-118.102 371.369 -2166.61
-118.101 371.367 -2166.6
-118.104 371.369 -2166.6
-118.103 371.371 -2166.6
-118.104 371.371 -2166.62
-118.106 371.37 -2166.61
-118.107 371.371 -2166.61
-118.104 371.371 -2166.6
-118.103 371.368 -2166.59
-118.101 371.37 -2166.61
-118.103 371.369 -2166.61
-118.101 371.369 -2166.61
-118.101 371.368 -2166.6
-118.101 371.369 -2166.61
-118.104 371.37 -2166.6
-118.102 371.367 -2166.59
-118.105 371.37 -2166.6
-118.104 371.371 -2166.61
-118.102 371.372 -2166.61
-118.105 371.372 -2166.61
-118.1 371.369 -2166.61
-118.102 371.37 -2166.6
-118.099 371.37 -2166.6
-118.103 371.368 -2166.61
-118.1 371.369 -2166.6
-118.099 371.372 -2166.61
-118.101 371.37 -2166.61
-118.101 371.369 -2166.6
-118.102 371.37 -2166.6
-118.104 371.37 -2166.61
-118.102 371.369 -2166.6
-118.103 371.373 -2166.61
-118.103 371.372 -2166.62
-118.101 371.37 -2166.61
-118.102 371.369 -2166.61
-118.103 371.37 -2166.6
-118.104 371.37 -2166.6
-118.103 371.371 -2166.61
-118.103 371.369 -2166.61
-118.103 371.371 -2166.6
-118.106 371.37 -2166.61
-118.102 371.368 -2166.6
-118.101 371.371 -2166.6
-118.102 371.369 -2166.6
-118.102 371.369 -2166.6
-118.103 371.37 -2166.6
-118.103 371.369 -2166.6
-118.101 371.373 -2166.61
-118.099 371.37 -2166.6
-118.104 371.373 -2166.6
-118.104 371.371 -2166.6
-118.101 371.373 -2166.62
-118.104 371.369 -2166.6
-118.103 371.373 -2166.62
-118.102 371.37 -2166.61
-118.101 371.369 -2166.6
-118.102 371.369 -2166.6
-118.1 371.37 -2166.6
-118.1 371.371 -2166.61
-118.101 371.37 -2166.6
-118.104 371.371 -2166.6
-118.102 371.37 -2166.61
-118.103 371.371 -2166.6
-118.103 371.371 -2166.6
-118.1 371.372 -2166.6
-118.103 371.372 -2166.6
-118.1 371.371 -2166.61
-118.1 371.373 -2166.61
-118.103 371.371 -2166.61
-118.102 371.369 -2166.6
-118.1 371.369 -2166.61
-118.102 371.37 -2166.61
-118.103 371.368 -2166.61
-118.1 371.369 -2166.61
-118.1 371.37 -2166.61
-118.104 371.369 -2166.6
-118.102 371.371 -2166.61
-118.101 371.37 -2166.6
-118.103 371.372 -2166.6
-118.102 371.373 -2166.6
-118.099 371.369 -2166.59
-118.101 371.37 -2166.6
-118.101 371.369 -2166.61
-118.102 371.37 -2166.6
-118.104 371.373 -2166.61
-118.104 371.373 -2166.61
-118.105 371.37 -2166.61
-118.1 371.373 -2166.6
-118.101 371.372 -2166.6
-118.102 371.371 -2166.6
-118.103 371.372 -2166.61
-118.103 371.371 -2166.61
-118.102 371.369 -2166.6
-118.104 371.37 -2166.61
-118.103 371.373 -2166.61
-118.103 371.37 -2166.6
-118.105 371.369 -2166.6
-118.102 371.37 -2166.6
-118.103 371.372 -2166.61
-118.101 371.372 -2166.61
-118.103 371.371 -2166.62
-118.102 371.37 -2166.61
-118.1 371.371 -2166.6
-118.101 371.371 -2166.6
-118.103 371.37 -2166.6
-118.104 371.373 -2166.61
-118.102 371.373 -2166.6
-118.102 371.372 -2166.6
-118.102 371.37 -2166.6
-118.105 371.372 -2166.61
-118.104 371.373 -2166.6
-118.104 371.37 -2166.6
-118.1 371.372 -2166.6
-118.102 371.37 -2166.6
-118.102 371.37 -2166.61
-118.102 371.372 -2166.61
-118.101 371.372 -2166.61
-118.098 371.371 -2166.59
-118.1 371.373 -2166.6
-118.103 371.371 -2166.61
-118.1 371.371 -2166.61
-118.099 371.371 -2166.6
-118.1 371.372 -2166.61
-118.101 371.369 -2166.59
-118.103 371.374 -2166.61
-118.101 371.37 -2166.61
-118.101 371.37 -2166.61
-118.102 371.373 -2166.61
-118.101 371.371 -2166.6
-118.1 371.37 -2166.59
-118.101 371.371 -2166.6
-118.102 371.372 -2166.6
-118.101 371.371 -2166.6
-118.1 371.371 -2166.6
-118.1 371.371 -2166.61
-118.102 371.37 -2166.6
-118.104 371.372 -2166.61
-118.104 371.372 -2166.61
-118.104 371.372 -2166.6
-118.102 371.372 -2166.61
-118.103 371.37 -2166.6
-118.104 371.373 -2166.6
-118.104 371.373 -2166.6
-118.104 371.372 -2166.6
-118.103 371.37 -2166.6
-118.099 371.371 -2166.6
-118.102 371.369 -2166.59
-118.104 371.372 -2166.6
-118.101 371.371 -2166.59
-118.1 371.373 -2166.59
-118.104 371.372 -2166.59
-118.102 371.373 -2166.58
-118.101 371.377 -2166.6
-118.102 371.372 -2166.58
-118.1 371.37 -2166.57
-118.102 371.373 -2166.59
-118.103 371.372 -2166.59
-118.101 371.371 -2166.59
-118.102 371.372 -2166.59
-118.101 371.372 -2166.59
-118.102 371.372 -2166.59
-118.101 371.369 -2166.59
-118.1 371.372 -2166.6
-118.102 371.374 -2166.6
-118.102 371.372 -2166.6
-118.102 371.371 -2166.6
-118.103 371.373 -2166.6
-118.102 371.372 -2166.59
-118.101 371.373 -2166.61
-118.103 371.371 -2166.6
-118.104 371.372 -2166.6
-118.103 371.371 -2166.61
-118.104 371.372 -2166.6
-118.1 371.372 -2166.6
-118.103 371.374 -2166.61
-118.104 371.372 -2166.6
-118.102 371.374 -2166.61
-118.104 371.375 -2166.61
-118.101 371.373 -2166.6
-118.102 371.372 -2166.6
-118.105 371.371 -2166.6
-118.103 371.374 -2166.6
-118.104 371.373 -2166.61
-118.103 371.372 -2166.6
-118.102 371.371 -2166.6
-118.101 371.373 -2166.6
-118.102 371.372 -2166.6
-118.099 371.372 -2166.6
-118.103 371.373 -2166.6
-118.101 371.371 -2166.6
-118.103 371.374 -2166.59
-118.102 371.372 -2166.6
-118.1 371.373 -2166.6
-118.1 371.373 -2166.6
-118.102 371.374 -2166.6
-118.102 371.375 -2166.59
-118.1 371.371 -2166.6
-118.099 371.371 -2166.6
-118.1 371.373 -2166.6
-118.101 371.372 -2166.6
-118.103 371.373 -2166.61
-118.102 371.372 -2166.59
-118.103 371.374 -2166.6
-118.101 371.373 -2166.6
-118.102 371.373 -2166.61
-118.1 371.374 -2166.6
-118.101 371.371 -2166.59
-118.101 371.373 -2166.6
-118.101 371.374 -2166.6
-118.101 371.373 -2166.6
-118.101 371.373 -2166.6
-118.101 371.374 -2166.6
-118.102 371.373 -2166.6
-118.103 371.374 -2166.6
-118.102 371.374 -2166.6
-118.1 371.373 -2166.6
-118.1 371.371 -2166.6
-118.097 371.372 -2166.6
-118.099 371.373 -2166.61
-118.101 371.372 -2166.6
-118.101 371.372 -2166.59
-118.102 371.372 -2166.6
-118.1 371.373 -2166.61
-118.101 371.373 -2166.61
-118.102 371.375 -2166.61
-118.101 371.372 -2166.6
-118.104 371.374 -2166.6
-118.101 371.373 -2166.61
-118.103 371.371 -2166.6
-118.103 371.375 -2166.61
-118.101 371.374 -2166.61
-118.102 371.373 -2166.61
-118.103 371.373 -2166.61
-118.1 371.373 -2166.61
-118.102 371.373 -2166.6
-118.103 371.373 -2166.6
-118.104 371.376 -2166.61
-118.1 371.375 -2166.6
-118.102 371.375 -2166.6
-118.102 371.374 -2166.6
-118.1 371.374 -2166.61
-118.102 371.374 -2166.6
-118.101 371.374 -2166.61
-118.101 371.374 -2166.6
-118.101 371.373 -2166.6
-118.1 371.373 -2166.6
-118.101 371.374 -2166.61
-118.105 371.374 -2166.6
-118.104 371.37 -2166.61
-118.102 371.372 -2166.6
-118.101 371.373 -2166.6
-118.101 371.374 -2166.6
-118.101 371.375 -2166.61
-118.103 371.372 -2166.61
-118.102 371.372 -2166.61
-118.1 371.372 -2166.6
-118.102 371.372 -2166.61
-118.102 371.374 -2166.61
-118.103 371.373 -2166.61
-118.103 371.373 -2166.61
-118.1 371.375 -2166.61
-118.099 371.374 -2166.6
-118.102 371.376 -2166.61
-118.102 371.374 -2166.6
-118.101 371.372 -2166.6
-118.102 371.373 -2166.6
-118.098 371.37 -2166.59
-118.101 371.372 -2166.61
-118.098 371.376 -2166.61
-118.103 371.375 -2166.6
-118.101 371.374 -2166.61
-118.1 371.376 -2166.61
-118.1 371.373 -2166.6
-118.099 371.372 -2166.61
-118.101 371.373 -2166.61
-118.101 371.374 -2166.61
-118.101 371.374 -2166.6
-118.101 371.375 -2166.61
-118.101 371.374 -2166.6
-118.104 371.373 -2166.61
-118.101 371.372 -2166.61
-118.103 371.375 -2166.62
-118.104 371.375 -2166.62
-118.099 371.374 -2166.6
-118.101 371.373 -2166.6
-118.103 371.375 -2166.61
-118.105 371.375 -2166.61
-118.104 371.374 -2166.61
-118.1 371.374 -2166.61
-118.102 371.374 -2166.6
-118.104 371.373 -2166.6
-118.102 371.375 -2166.61
-118.102 371.375 -2166.62
-118.103 371.373 -2166.6
-118.105 371.372 -2166.6
-118.103 371.374 -2166.6
-118.102 371.377 -2166.61
-118.102 371.373 -2166.6
-118.103 371.375 -2166.6
-118.101 371.376 -2166.6
-118.101 371.373 -2166.6
-118.102 371.374 -2166.6
-118.1 371.374 -2166.6
-118.099 371.374 -2166.59
-118.1 371.375 -2166.6
-118.101 371.374 -2166.6
-118.1 371.372 -2166.6
-118.104 371.373 -2166.6
-118.101 371.375 -2166.6
-118.101 371.375 -2166.61
-118.101 371.374 -2166.6
-118.102 371.372 -2166.6
-118.101 371.374 -2166.6
-118.102 371.376 -2166.6
-118.1 371.373 -2166.61
-118.099 371.375 -2166.6
-118.1 371.374 -2166.6
-118.1 371.373 -2166.59
-118.103 371.375 -2166.61
-118.101 371.373 -2166.6
-118.101 371.374 -2166.6
-118.102 371.374 -2166.6
-118.101 371.375 -2166.6
-118.103 371.377 -2166.6
-118.101 371.374 -2166.6
-118.101 371.374 -2166.6
-118.1 371.375 -2166.59
-118.102 371.376 -2166.6
-118.102 371.374 -2166.6
-118.098 371.375 -2166.6
-118.1 371.376 -2166.61
-118.102 371.375 -2166.6
-118.104 371.375 -2166.59
-118.102 371.374 -2166.6
-118.104 371.375 -2166.61
-118.101 371.375 -2166.6
-118.101 371.375 -2166.6
-118.103 371.376 -2166.61
-118.101 371.372 -2166.6
-118.1 371.375 -2166.6
-118.102 371.375 -2166.61
-118.103 371.375 -2166.6
-118.101 371.375 -2166.61
-118.102 371.373 -2166.6
-118.1 371.375 -2166.6
-118.101 371.375 -2166.6
-118.101 371.374 -2166.61
-118.102 371.375 -2166.6
-118.103 371.374 -2166.61
-118.102 371.377 -2166.61
-118.103 371.376 -2166.61
-118.102 371.372 -2166.59
-118.104 371.375 -2166.59
-118.102 371.376 -2166.6
-118.102 371.374 -2166.6
-118.102 371.375 -2166.61
-118.1 371.374 -2166.6
-118.103 371.375 -2166.61
-118.102 371.376 -2166.61
-118.101 371.375 -2166.6
-118.1 371.376 -2166.6
-118.101 371.377 -2166.61
-118.103 371.375 -2166.6
-118.103 371.374 -2166.61
-118.102 371.373 -2166.61
-118.104 371.373 -2166.6
-118.102 371.377 -2166.61
-118.102 371.375 -2166.61
-118.102 371.378 -2166.61
-118.101 371.377 -2166.61
-118.102 371.374 -2166.6
-118.102 371.376 -2166.6
-118.1 371.377 -2166.61
-118.102 371.376 -2166.61
-118.101 371.377 -2166.62
-118.105 371.375 -2166.61
-118.103 371.375 -2166.6
-118.102 371.376 -2166.6
-118.103 371.378 -2166.61
-118.107 371.375 -2166.61
-118.104 371.376 -2166.61
-118.103 371.376 -2166.61
-118.101 371.376 -2166.61
-118.103 371.374 -2166.61
-118.103 371.376 -2166.61
-118.102 371.376 -2166.61
-118.104 371.376 -2166.62
-118.103 371.378 -2166.61
-118.102 371.377 -2166.6
-118.103 371.377 -2166.6
-118.103 371.377 -2166.61
-118.101 371.376 -2166.61
-118.101 371.375 -2166.6
-118.101 371.374 -2166.61
-118.102 371.374 -2166.6
-118.103 371.376 -2166.61
-118.103 371.375 -2166.6
-118.105 371.376 -2166.6
-118.104 371.374 -2166.6
-118.101 371.375 -2166.61
-118.1 371.375 -2166.61
-118.104 371.377 -2166.61
-118.102 371.374 -2166.6
-118.101 371.375 -2166.6
-118.101 371.377 -2166.6
-118.101 371.377 -2166.61
-118.103 371.376 -2166.61
-118.103 371.377 -2166.61
-118.103 371.375 -2166.59
-118.099 371.373 -2166.59
-118.103 371.376 -2166.61
-118.103 371.376 -2166.6
-118.1 371.375 -2166.6
-118.1 371.375 -2166.61
-118.099 371.376 -2166.61
-118.101 371.376 -2166.6
-118.099 371.376 -2166.6
-118.102 371.378 -2166.61
-118.101 371.377 -2166.62
-118.1 371.377 -2166.61
-118.1 371.376 -2166.6
-118.101 371.375 -2166.6
-118.101 371.374 -2166.6
-118.101 371.377 -2166.61
-118.101 371.376 -2166.61
-118.104 371.378 -2166.61
-118.099 371.376 -2166.6
-118.102 371.378 -2166.6
-118.103 371.375 -2166.6
-118.101 371.375 -2166.61
-118.102 371.376 -2166.61
-118.099 371.376 -2166.6
-118.101 371.374 -2166.6
-118.101 371.375 -2166.6
-118.102 371.376 -2166.61
-118.1 371.375 -2166.6
-118.1 371.376 -2166.6
-118.099 371.377 -2166.6
-118.101 371.375 -2166.61
-118.1 371.376 -2166.6
-118.1 371.378 -2166.61
-118.102 371.378 -2166.61
-118.105 371.376 -2166.61
-118.104 371.376 -2166.61
-118.102 371.373 -2166.59
-118.1 371.377 -2166.6
-118.1 371.375 -2166.6
-118.102 371.376 -2166.6
-118.102 371.377 -2166.61
-118.103 371.377 -2166.6
-118.1 371.376 -2166.61
-118.1 371.375 -2166.6
-118.103 371.374 -2166.6
-118.103 371.376 -2166.6
-118.102 371.377 -2166.61
-118.102 371.377 -2166.61
-118.102 371.377 -2166.61
-118.099 371.375 -2166.6
-118.101 371.374 -2166.61
-118.103 371.376 -2166.6
-118.1 371.376 -2166.6
-118.101 371.375 -2166.6
-118.101 371.375 -2166.6
-118.1 371.378 -2166.61
-118.101 371.376 -2166.61
-118.102 371.376 -2166.61
-118.102 371.377 -2166.6
-118.102 371.376 -2166.6
-118.102 371.376 -2166.6
-118.1 371.375 -2166.59
-118.099 371.373 -2166.6
-118.101 371.376 -2166.6
-118.101 371.378 -2166.61
-118.103 371.378 -2166.61
-118.101 371.373 -2166.6
-118.101 371.378 -2166.61
-118.1 371.376 -2166.61
-118.102 371.378 -2166.6
-118.1 371.376 -2166.6
-118.102 371.376 -2166.61
-118.103 371.378 -2166.61
-118.103 371.376 -2166.62
-118.101 371.378 -2166.61
-118.101 371.375 -2166.61
-118.102 371.377 -2166.61
-118.104 371.377 -2166.61
-118.103 371.375 -2166.6
-118.099 371.374 -2166.61
-118.102 371.375 -2166.61
-118.102 371.377 -2166.62
-118.099 371.376 -2166.6
-118.097 371.375 -2166.6
-118.102 371.376 -2166.61
-118.102 371.377 -2166.61
-118.1 371.378 -2166.6
-118.102 371.378 -2166.61
-118.099 371.376 -2166.6
-118.102 371.377 -2166.61
-118.101 371.374 -2166.6
-118.101 371.376 -2166.6
-118.1 371.376 -2166.6
-118.101 371.378 -2166.61
-118.1 371.375 -2166.6
-118.1 371.376 -2166.6
-118.102 371.378 -2166.6
-118.099 371.374 -2166.6
-118.101 371.377 -2166.61
-118.101 371.376 -2166.61
-118.102 371.376 -2166.6
-118.102 371.376 -2166.61
-118.099 371.375 -2166.6
-118.1 371.374 -2166.6
-118.101 371.375 -2166.6
-118.1 371.376 -2166.6
-118.1 371.375 -2166.61
-118.104 371.376 -2166.61
-118.101 371.375 -2166.6
-118.098 371.377 -2166.6
-118.1 371.376 -2166.61
-118.099 371.376 -2166.6
-118.1 371.377 -2166.61
-118.099 371.377 -2166.61
-118.099 371.375 -2166.6
-118.099 371.376 -2166.6
-118.099 371.377 -2166.61
-118.101 371.377 -2166.61
-118.099 371.378 -2166.61
-118.101 371.379 -2166.62
-118.102 371.377 -2166.6
-118.102 371.379 -2166.61
-118.101 371.377 -2166.61
-118.102 371.376 -2166.6
-118.099 371.378 -2166.6
-118.1 371.379 -2166.61
-118.1 371.377 -2166.6
-118.1 371.379 -2166.6
-118.098 371.376 -2166.6
-118.1 371.378 -2166.61
-118.1 371.379 -2166.6
-118.101 371.377 -2166.61
-118.098 371.377 -2166.61
-118.097 371.375 -2166.6
-118.097 371.376 -2166.6
-118.098 371.376 -2166.6
-118.098 371.376 -2166.61
-118.1 371.376 -2166.6
-118.098 371.377 -2166.6
-118.098 371.377 -2166.6
-118.099 371.379 -2166.6
-118.098 371.38 -2166.61
-118.1 371.377 -2166.6
-118.098 371.376 -2166.6
-118.101 371.377 -2166.61
-118.1 371.375 -2166.6
-118.103 371.377 -2166.61
-118.1 371.379 -2166.61
-118.101 371.379 -2166.6
-118.098 371.377 -2166.6
-118.097 371.377 -2166.6
-118.099 371.38 -2166.6
-118.098 371.379 -2166.6
-118.098 371.378 -2166.6
-118.1 371.377 -2166.61
-118.102 371.377 -2166.6
-118.099 371.376 -2166.59
-118.1 371.377 -2166.6
-118.098 371.376 -2166.6
-118.103 371.377 -2166.61
-118.101 371.376 -2166.6
-118.1 371.379 -2166.6
-118.104 371.379 -2166.61
-118.098 371.376 -2166.6
-118.094 371.375 -2166.6
-118.098 371.378 -2166.6
-118.099 371.376 -2166.59
-118.099 371.376 -2166.6
-118.101 371.379 -2166.6
-118.101 371.376 -2166.6
-118.1 371.374 -2166.6
-118.102 371.374 -2166.59
-118.101 371.378 -2166.61
-118.099 371.375 -2166.6
-118.099 371.377 -2166.6
-118.099 371.379 -2166.6
-118.097 371.376 -2166.58
-118.098 371.378 -2166.61
-118.101 371.375 -2166.61
-118.099 371.379 -2166.61
-118.103 371.378 -2166.61
-118.101 371.378 -2166.61
-118.099 371.378 -2166.61
-118.103 371.38 -2166.61
-118.1 371.378 -2166.6
-118.1 371.378 -2166.6
-118.098 371.377 -2166.6
-118.098 371.381 -2166.61
-118.1 371.38 -2166.61
-118.098 371.378 -2166.6
-118.098 371.376 -2166.6
-118.099 371.377 -2166.61
-118.101 371.377 -2166.61
-118.101 371.376 -2166.6
-118.103 371.379 -2166.61
-118.1 371.377 -2166.6
-118.099 371.376 -2166.6
-118.102 371.377 -2166.61
-118.098 371.379 -2166.61
-118.101 371.378 -2166.6
-118.102 371.378 -2166.6
-118.103 371.379 -2166.6
-118.101 371.378 -2166.6
-118.099 371.379 -2166.6
-118.099 371.375 -2166.6
-118.101 371.376 -2166.6
-118.1 371.378 -2166.6
-118.101 371.376 -2166.6
-118.101 371.379 -2166.61
-118.098 371.376 -2166.6
-118.099 371.378 -2166.6
-118.102 371.377 -2166.61
-118.102 371.378 -2166.61
-118.102 371.379 -2166.6
-118.1 371.377 -2166.59
-118.103 371.376 -2166.6
-118.099 371.378 -2166.6
-118.098 371.376 -2166.59
-118.1 371.374 -2166.6
-118.102 371.381 -2166.61
-118.1 371.38 -2166.61
-118.099 371.379 -2166.61
-118.1 371.379 -2166.61
-118.1 371.379 -2166.6
-118.1 371.381 -2166.61
-118.1 371.377 -2166.6
-118.101 371.379 -2166.61
-118.102 371.38 -2166.61
-118.102 371.378 -2166.6
-118.1 371.378 -2166.61
-118.103 371.379 -2166.61
-118.1 371.38 -2166.61
-118.102 371.377 -2166.61
-118.102 371.38 -2166.6
-118.101 371.378 -2166.6
-118.101 371.378 -2166.6
-118.1 371.379 -2166.61
-118.101 371.378 -2166.6
-118.099 371.379 -2166.6
-118.1 371.377 -2166.61
-118.105 371.379 -2166.61
-118.101 371.378 -2166.6
-118.1 371.38 -2166.6
-118.102 371.38 -2166.61
-118.101 371.377 -2166.61
-118.101 371.379 -2166.61
-118.102 371.379 -2166.6
-118.101 371.378 -2166.61
-118.101 371.378 -2166.6
-118.104 371.379 -2166.6
-118.102 371.379 -2166.6
-118.101 371.377 -2166.6
-118.101 371.379 -2166.61
-118.1 371.378 -2166.6
-118.1 371.378 -2166.6
-118.101 371.378 -2166.61
-118.101 371.378 -2166.59
-118.099 371.378 -2166.61
-118.102 371.377 -2166.61
-118.102 371.378 -2166.6
-118.103 371.379 -2166.61
-118.102 371.379 -2166.6
-118.102 371.376 -2166.6
-118.099 371.379 -2166.61
-118.1 371.38 -2166.6
-118.103 371.376 -2166.59
-118.103 371.377 -2166.6
-118.1 371.376 -2166.59
-118.099 371.381 -2166.6
-118.099 371.379 -2166.6
-118.098 371.377 -2166.6
-118.104 371.381 -2166.62
-118.1 371.382 -2166.61
-118.1 371.38 -2166.61
-118.1 371.381 -2166.61
-118.1 371.378 -2166.6
-118.103 371.377 -2166.6
-118.101 371.377 -2166.6
-118.101 371.381 -2166.62
-118.098 371.38 -2166.61
-118.1 371.38 -2166.6
-118.102 371.38 -2166.61
-118.103 371.382 -2166.61
-118.102 371.381 -2166.61
-118.101 371.38 -2166.61
-118.101 371.38 -2166.61
-118.104 371.381 -2166.61
-118.103 371.379 -2166.6
-118.102 371.382 -2166.61
-118.101 371.382 -2166.61
-118.102 371.377 -2166.6
-118.101 371.38 -2166.61
-118.103 371.379 -2166.61
-118.1 371.38 -2166.61
-118.101 371.38 -2166.61
-118.102 371.382 -2166.61
-118.1 371.381 -2166.61
-118.1 371.381 -2166.61
-118.101 371.381 -2166.61
-118.102 371.381 -2166.61
-118.101 371.379 -2166.6
-118.101 371.38 -2166.61
-118.103 371.38 -2166.62
-118.1 371.381 -2166.61
-118.1 371.379 -2166.6
-118.1 371.381 -2166.61
-118.102 371.38 -2166.6
-118.102 371.381 -2166.61
-118.1 371.382 -2166.61
-118.1 371.38 -2166.6
-118.1 371.381 -2166.61
-118.099 371.381 -2166.61
-118.101 371.379 -2166.61
-118.104 371.378 -2166.61
-118.1 371.38 -2166.6
-118.101 371.379 -2166.6
-118.1 371.38 -2166.61
-118.102 371.381 -2166.61
-118.103 371.381 -2166.6
-118.101 371.381 -2166.61
-118.102 371.38 -2166.61
-118.102 371.382 -2166.61
-118.104 371.382 -2166.61
-118.101 371.381 -2166.61
-118.102 371.38 -2166.61
-118.101 371.381 -2166.62
-118.105 371.382 -2166.61
-118.101 371.382 -2166.6
-118.101 371.382 -2166.6
-118.105 371.381 -2166.61
-118.101 371.379 -2166.6
-118.099 371.379 -2166.6
-118.1 371.377 -2166.6
-118.104 371.382 -2166.61
-118.104 371.383 -2166.62
-118.102 371.381 -2166.61
-118.102 371.38 -2166.6
-118.103 371.382 -2166.6
-118.101 371.38 -2166.61
-118.101 371.38 -2166.61
-118.101 371.38 -2166.59
-118.098 371.382 -2166.61
-118.102 371.38 -2166.6
-118.101 371.38 -2166.61
-118.1 371.381 -2166.61
-118.102 371.382 -2166.61
-118.102 371.38 -2166.6
-118.098 371.38 -2166.6
-118.101 371.382 -2166.61
-118.101 371.381 -2166.61
-118.099 371.38 -2166.6
-118.1 371.381 -2166.6
-118.1 371.381 -2166.61
-118.101 371.382 -2166.61
-118.101 371.381 -2166.6
-118.103 371.378 -2166.61
-118.105 371.38 -2166.6
-118.101 371.381 -2166.6
-118.102 371.381 -2166.6
-118.101 371.379 -2166.59
-118.101 371.379 -2166.6
-118.103 371.382 -2166.6
-118.103 371.381 -2166.61
-118.102 371.381 -2166.62
-118.101 371.381 -2166.61
-118.099 371.38 -2166.6
-118.101 371.382 -2166.62
-118.105 371.382 -2166.61
-118.099 371.38 -2166.6
-118.1 371.382 -2166.6
-118.101 371.381 -2166.61
-118.098 371.379 -2166.6
-118.099 371.38 -2166.6
-118.101 371.382 -2166.6
-118.098 371.38 -2166.61
-118.099 371.381 -2166.61
-118.105 371.382 -2166.61
-118.101 371.381 -2166.61
-118.1 371.381 -2166.6
-118.101 371.381 -2166.6
-118.102 371.38 -2166.6
-118.101 371.379 -2166.61
-118.1 371.381 -2166.61
-118.102 371.382 -2166.6
-118.1 371.382 -2166.6
-118.101 371.381 -2166.6
-118.1 371.382 -2166.6
-118.101 371.382 -2166.6
-118.102 371.38 -2166.61
-118.1 371.384 -2166.61
-118.098 371.382 -2166.61
-118.102 371.38 -2166.6
-118.1 371.38 -2166.6
-118.101 371.382 -2166.61
-118.099 371.383 -2166.6
-118.101 371.383 -2166.6
-118.1 371.381 -2166.6
-118.099 371.381 -2166.61
-118.1 371.381 -2166.6
-118.099 371.379 -2166.6
-118.099 371.382 -2166.6
-118.102 371.382 -2166.61
-118.1 371.382 -2166.6
-118.101 371.383 -2166.6
-118.101 371.38 -2166.61
-118.099 371.382 -2166.6
-118.1 371.381 -2166.6
-118.1 371.38 -2166.6
-118.098 371.384 -2166.61
-118.102 371.383 -2166.61
-118.101 371.38 -2166.59
-118.101 371.381 -2166.6
-118.102 371.381 -2166.6
-118.103 371.381 -2166.6
-118.102 371.381 -2166.61
-118.101 371.381 -2166.61
-118.102 371.383 -2166.61
-118.1 371.382 -2166.61
-118.101 371.383 -2166.62
-118.101 371.382 -2166.61
-118.102 371.381 -2166.6
-118.101 371.381 -2166.6
-118.098 371.383 -2166.6
-118.097 371.382 -2166.6
-118.099 371.383 -2166.6
-118.101 371.382 -2166.6
-118.1 371.381 -2166.59
-118.099 371.381 -2166.59
-118.099 371.379 -2166.59
-118.101 371.383 -2166.61
-118.102 371.382 -2166.6
-118.099 371.383 -2166.6
-118.1 371.385 -2166.61
-118.099 371.381 -2166.6
-118.099 371.382 -2166.6
-118.097 371.38 -2166.6
-118.099 371.383 -2166.61
-118.101 371.385 -2166.62
-118.1 371.381 -2166.6
-118.102 371.382 -2166.61
-118.099 371.382 -2166.6
-118.101 371.379 -2166.61
-118.102 371.381 -2166.6
-118.1 371.38 -2166.6
-118.1 371.384 -2166.61
-118.1 371.384 -2166.62
-118.102 371.384 -2166.62
-118.099 371.382 -2166.62
-118.101 371.38 -2166.6
-118.099 371.383 -2166.59
-118.1 371.381 -2166.61
-118.099 371.381 -2166.6
-118.101 371.382 -2166.61
-118.096 371.382 -2166.6
-118.099 371.383 -2166.61
-118.102 371.384 -2166.62
-118.101 371.384 -2166.62
-118.1 371.382 -2166.6
-118.099 371.38 -2166.6
-118.098 371.382 -2166.61
-118.097 371.382 -2166.6
-118.101 371.382 -2166.6
-118.1 371.383 -2166.6
-118.097 371.382 -2166.6
-118.101 371.383 -2166.61
-118.099 371.382 -2166.6
-118.099 371.384 -2166.6
-118.101 371.384 -2166.61
-118.101 371.383 -2166.61
-118.1 371.382 -2166.6
-118.1 371.383 -2166.61
-118.102 371.383 -2166.61
-118.1 371.384 -2166.61
-118.099 371.381 -2166.6
-118.1 371.383 -2166.6
-118.098 371.383 -2166.61
-118.098 371.383 -2166.61
-118.098 371.383 -2166.61
-118.098 371.383 -2166.61
-118.1 371.381 -2166.61
-118.101 371.384 -2166.6
-118.098 371.383 -2166.61
-118.098 371.384 -2166.61
-118.097 371.383 -2166.6
-118.098 371.381 -2166.61
-118.098 371.384 -2166.61
-118.099 371.383 -2166.61
-118.101 371.382 -2166.6
-118.101 371.382 -2166.59
-118.098 371.382 -2166.6
-118.098 371.383 -2166.6
-118.097 371.384 -2166.61
-118.099 371.382 -2166.61
-118.098 371.381 -2166.6
-118.097 371.385 -2166.61
-118.097 371.385 -2166.61
-118.099 371.385 -2166.61
-118.101 371.383 -2166.6
-118.097 371.383 -2166.6
-118.097 371.381 -2166.6
-118.1 371.384 -2166.6
-118.1 371.383 -2166.61
-118.099 371.382 -2166.6
-118.099 371.384 -2166.61
-118.098 371.383 -2166.61
-118.099 371.383 -2166.6
-118.099 371.382 -2166.6
-118.098 371.385 -2166.61
-118.099 371.384 -2166.61
-118.098 371.383 -2166.61
-118.098 371.383 -2166.61
-118.097 371.386 -2166.61
-118.101 371.383 -2166.6
-118.1 371.383 -2166.6
-118.1 371.385 -2166.61
-118.1 371.383 -2166.6
-118.099 371.384 -2166.61
-118.102 371.387 -2166.61
-118.099 371.384 -2166.6
-118.101 371.385 -2166.61
-118.101 371.386 -2166.61
-118.098 371.383 -2166.59
-118.098 371.382 -2166.6
-118.097 371.381 -2166.59
-118.099 371.381 -2166.6
-118.1 371.383 -2166.61
-118.099 371.382 -2166.6
-118.101 371.384 -2166.61
-118.099 371.384 -2166.6
-118.099 371.384 -2166.6
-118.101 371.386 -2166.61
-118.099 371.382 -2166.61
-118.1 371.384 -2166.6
-118.101 371.385 -2166.61
-118.1 371.385 -2166.6
-118.099 371.383 -2166.61
-118.099 371.383 -2166.6
-118.1 371.385 -2166.61
-118.101 371.383 -2166.6
-118.099 371.382 -2166.6
-118.1 371.383 -2166.6
-118.1 371.383 -2166.6
-118.101 371.385 -2166.61
-118.098 371.383 -2166.6
-118.101 371.383 -2166.6
-118.103 371.383 -2166.6
-118.1 371.384 -2166.62
-118.099 371.383 -2166.61
-118.102 371.383 -2166.6
-118.103 371.383 -2166.6
-118.1 371.382 -2166.6
-118.099 371.387 -2166.6
-118.096 371.381 -2166.6
-118.098 371.383 -2166.6
-118.098 371.384 -2166.6
-118.099 371.383 -2166.6
-118.099 371.384 -2166.61
-118.1 371.383 -2166.6
-118.101 371.383 -2166.6
-118.101 371.383 -2166.61
-118.101 371.384 -2166.61
-118.097 371.383 -2166.6
-118.099 371.383 -2166.61
-118.1 371.384 -2166.6
-118.099 371.386 -2166.61
-118.097 371.385 -2166.6
-118.1 371.385 -2166.61
-118.099 371.382 -2166.61
-118.099 371.384 -2166.6
-118.097 371.383 -2166.61
-118.098 371.386 -2166.61
-118.099 371.385 -2166.61
-118.097 371.382 -2166.61
-118.098 371.386 -2166.61
-118.099 371.383 -2166.6
-118.098 371.384 -2166.61
-118.098 371.385 -2166.61
-118.098 371.386 -2166.62
-118.098 371.386 -2166.61
-118.097 371.385 -2166.62
-118.099 371.385 -2166.61
-118.1 371.383 -2166.61
-118.1 371.384 -2166.61
-118.099 371.384 -2166.61
-118.098 371.383 -2166.6
-118.1 371.386 -2166.61
-118.101 371.385 -2166.61
-118.098 371.384 -2166.61
-118.096 371.384 -2166.6
-118.098 371.386 -2166.62
-118.1 371.384 -2166.61
-118.1 371.384 -2166.6
-118.097 371.385 -2166.61
-118.098 371.385 -2166.6
-118.096 371.383 -2166.6
-118.099 371.384 -2166.6
-118.098 371.384 -2166.6
-118.097 371.385 -2166.62
-118.1 371.384 -2166.6
-118.1 371.386 -2166.61
-118.099 371.384 -2166.6
-118.099 371.388 -2166.61
-118.1 371.384 -2166.6
-118.099 371.384 -2166.6
-118.099 371.385 -2166.6
-118.102 371.386 -2166.61
-118.102 371.386 -2166.6
-118.099 371.386 -2166.61
-118.099 371.384 -2166.61
-118.102 371.385 -2166.61
-118.099 371.384 -2166.6
-118.1 371.385 -2166.6
-118.098 371.384 -2166.6
-118.103 371.384 -2166.61
-118.102 371.385 -2166.61
-118.101 371.386 -2166.6
-118.101 371.386 -2166.61
-118.099 371.387 -2166.6
-118.097 371.388 -2166.61
-118.099 371.386 -2166.6
-118.099 371.385 -2166.61
-118.099 371.386 -2166.61
-118.101 371.385 -2166.61
-118.1 371.384 -2166.6
-118.101 371.385 -2166.6
-118.101 371.385 -2166.6
-118.1 371.384 -2166.6
-118.101 371.384 -2166.6
-118.095 371.384 -2166.59
-118.095 371.383 -2166.59
-118.098 371.385 -2166.6
-118.098 371.384 -2166.6
-118.102 371.386 -2166.61
-118.099 371.385 -2166.61
-118.098 371.383 -2166.6
-118.101 371.386 -2166.61
-118.099 371.388 -2166.61
-118.097 371.383 -2166.6
-118.101 371.388 -2166.6
-118.1 371.385 -2166.61
-118.101 371.384 -2166.61
-118.1 371.386 -2166.61
-118.099 371.384 -2166.6
-118.1 371.385 -2166.6
-118.101 371.385 -2166.6
-118.101 371.387 -2166.6
-118.099 371.387 -2166.61
-118.099 371.386 -2166.61
-118.099 371.384 -2166.61
-118.097 371.386 -2166.61
-118.097 371.386 -2166.61
-118.097 371.384 -2166.61
-118.099 371.385 -2166.61
-118.099 371.385 -2166.6
-118.099 371.385 -2166.6
-118.097 371.384 -2166.6
-118.1 371.386 -2166.61
-118.1 371.386 -2166.61
-118.101 371.384 -2166.6
-118.101 371.385 -2166.6
-118.101 371.385 -2166.6
-118.098 371.386 -2166.61
-118.098 371.387 -2166.61
-118.098 371.385 -2166.61
-118.097 371.387 -2166.61
-118.097 371.386 -2166.6
-118.098 371.385 -2166.61
-118.1 371.387 -2166.61
-118.1 371.387 -2166.6
-118.1 371.388 -2166.62
-118.101 371.386 -2166.6
-118.101 371.384 -2166.6
-118.101 371.385 -2166.61
-118.103 371.384 -2166.61
-118.102 371.386 -2166.61
-118.099 371.386 -2166.61
-118.099 371.386 -2166.6
-118.099 371.386 -2166.6
-118.099 371.387 -2166.6
-118.096 371.384 -2166.59
-118.099 371.387 -2166.6
-118.101 371.385 -2166.61
-118.098 371.384 -2166.6
-118.099 371.385 -2166.6
-118.1 371.387 -2166.61
-118.1 371.386 -2166.61
-118.1 371.388 -2166.61
-118.1 371.385 -2166.6
-118.1 371.385 -2166.61
-118.1 371.387 -2166.61
-118.1 371.388 -2166.61
-118.098 371.386 -2166.6
-118.098 371.384 -2166.6
-118.098 371.388 -2166.61
-118.098 371.385 -2166.6
-118.099 371.385 -2166.6
-118.099 371.384 -2166.6
-118.099 371.386 -2166.61
-118.1 371.386 -2166.61
-118.1 371.386 -2166.61
-118.097 371.384 -2166.6
-118.101 371.386 -2166.6
-118.101 371.387 -2166.61
-118.099 371.385 -2166.61
-118.1 371.385 -2166.61
-118.101 371.388 -2166.61
-118.099 371.381 -2166.6
-118.1 371.386 -2166.6
-118.098 371.388 -2166.6
-118.098 371.385 -2166.61
-118.099 371.384 -2166.6
-118.099 371.385 -2166.61
-118.098 371.388 -2166.61
-118.098 371.387 -2166.61
-118.099 371.387 -2166.61
-118.101 371.388 -2166.61
-118.101 371.388 -2166.6
-118.1 371.386 -2166.6
-118.097 371.386 -2166.61
-118.098 371.386 -2166.6
-118.101 371.388 -2166.61
-118.099 371.387 -2166.6
-118.099 371.388 -2166.61
-118.101 371.387 -2166.61
-118.097 371.386 -2166.6
-118.098 371.385 -2166.59
-118.099 371.387 -2166.6
-118.101 371.386 -2166.6
-118.101 371.386 -2166.6
-118.1 371.383 -2166.59
-118.099 371.385 -2166.59
-118.1 371.385 -2166.59
-118.098 371.383 -2166.59
-118.101 371.388 -2166.61
-118.101 371.385 -2166.61
-118.097 371.385 -2166.6
-118.097 371.387 -2166.6
-118.099 371.386 -2166.61
-118.099 371.386 -2166.6
-118.097 371.386 -2166.6
-118.099 371.386 -2166.6
-118.1 371.384 -2166.6
-118.097 371.386 -2166.6
-118.098 371.386 -2166.6
-118.098 371.387 -2166.6
-118.099 371.388 -2166.6
-118.098 371.389 -2166.6
-118.1 371.386 -2166.6
-118.1 371.386 -2166.61
-118.098 371.386 -2166.6
-118.099 371.386 -2166.61
-118.1 371.385 -2166.6
-118.101 371.387 -2166.6
-118.099 371.386 -2166.6
-118.101 371.387 -2166.61
-118.099 371.386 -2166.6
-118.097 371.388 -2166.6
-118.1 371.387 -2166.61
-118.097 371.386 -2166.61
-118.1 371.388 -2166.6
-118.097 371.386 -2166.6
-118.098 371.386 -2166.6
-118.1 371.387 -2166.61
-118.097 371.385 -2166.59
-118.1 371.383 -2166.6
-118.103 371.387 -2166.61
-118.101 371.389 -2166.61
-118.1 371.387 -2166.6
-118.099 371.385 -2166.6
-118.101 371.384 -2166.6
-118.1 371.387 -2166.61
-118.097 371.386 -2166.6
-118.099 371.387 -2166.6
-118.102 371.386 -2166.6
-118.1 371.388 -2166.61
-118.096 371.388 -2166.6
-118.096 371.386 -2166.6
-118.098 371.385 -2166.6
-118.098 371.386 -2166.6
-118.103 371.388 -2166.61
-118.1 371.386 -2166.6
-118.099 371.386 -2166.6
-118.099 371.387 -2166.61
-118.099 371.387 -2166.61
-118.099 371.386 -2166.61
-118.099 371.386 -2166.6
-118.098 371.386 -2166.6
-118.098 371.387 -2166.6
-118.096 371.388 -2166.6
-118.099 371.385 -2166.61
-118.098 371.388 -2166.6
-118.099 371.385 -2166.6
-118.097 371.386 -2166.61
-118.096 371.386 -2166.6
-118.096 371.388 -2166.61
-118.1 371.389 -2166.61
-118.097 371.386 -2166.59
-118.1 371.387 -2166.61
-118.101 371.385 -2166.59
-118.101 371.386 -2166.6
-118.098 371.383 -2166.6
-118.097 371.387 -2166.61
-118.097 371.389 -2166.61
-118.097 371.387 -2166.6
-118.096 371.389 -2166.61
-118.095 371.386 -2166.6
-118.099 371.39 -2166.62
-118.098 371.387 -2166.6
-118.097 371.385 -2166.6
-118.1 371.387 -2166.61
-118.1 371.389 -2166.61
-118.1 371.387 -2166.61
-118.097 371.387 -2166.6
-118.1 371.385 -2166.6
-118.101 371.385 -2166.6
-118.1 371.387 -2166.6
-118.098 371.385 -2166.6
-118.097 371.387 -2166.6
-118.099 371.386 -2166.6
-118.098 371.386 -2166.59
-118.099 371.387 -2166.6
-118.102 371.389 -2166.61
-118.098 371.388 -2166.61
-118.1 371.386 -2166.6
-118.099 371.386 -2166.59
-118.099 371.388 -2166.61
-118.099 371.386 -2166.6
-118.098 371.388 -2166.6
-118.099 371.388 -2166.61
-118.099 371.387 -2166.6
-118.098 371.387 -2166.6
-118.101 371.388 -2166.6
-118.1 371.387 -2166.59
-118.101 371.385 -2166.59
-118.102 371.389 -2166.6
-118.1 371.39 -2166.61
-118.1 371.386 -2166.61
-118.101 371.386 -2166.6
-118.1 371.388 -2166.6
-118.1 371.387 -2166.61
-118.096 371.389 -2166.61
-118.098 371.386 -2166.6
-118.099 371.387 -2166.59
-118.099 371.387 -2166.59
-118.099 371.389 -2166.6
-118.099 371.389 -2166.6
-118.1 371.389 -2166.61
-118.1 371.385 -2166.59
-118.099 371.386 -2166.6
-118.099 371.388 -2166.61
-118.098 371.389 -2166.6
-118.096 371.388 -2166.6
-118.099 371.389 -2166.61
-118.101 371.387 -2166.61
-118.1 371.385 -2166.6
-118.099 371.386 -2166.61
-118.101 371.388 -2166.59
-118.099 371.387 -2166.6
-118.099 371.388 -2166.61
-118.101 371.388 -2166.61
-118.1 371.389 -2166.61
-118.099 371.387 -2166.6
-118.1 371.388 -2166.6
-118.098 371.388 -2166.61
-118.098 371.386 -2166.6
-118.101 371.385 -2166.59
-118.098 371.387 -2166.6
-118.1 371.39 -2166.6
-118.098 371.388 -2166.6
-118.1 371.385 -2166.61
-118.102 371.386 -2166.61
-118.099 371.388 -2166.6
-118.1 371.386 -2166.6
-118.098 371.387 -2166.6
-118.098 371.388 -2166.61
-118.102 371.388 -2166.61
-118.102 371.388 -2166.61
-118.101 371.387 -2166.61
-118.097 371.387 -2166.6
-118.098 371.385 -2166.6
-118.098 371.386 -2166.6
-118.097 371.387 -2166.6
-118.098 371.387 -2166.6
-118.097 371.388 -2166.6
-118.098 371.386 -2166.6
-118.098 371.389 -2166.61
-118.101 371.388 -2166.61
-118.101 371.388 -2166.6
-118.1 371.39 -2166.6
-118.1 371.388 -2166.61
-118.098 371.388 -2166.61
-118.099 371.388 -2166.6
-118.099 371.388 -2166.59
-118.101 371.388 -2166.61
-118.099 371.389 -2166.6
-118.1 371.387 -2166.6
-118.099 371.388 -2166.6
-118.1 371.388 -2166.59
-118.098 371.387 -2166.6
-118.097 371.388 -2166.6
-118.1 371.388 -2166.6
-118.101 371.388 -2166.6
-118.098 371.388 -2166.6
-118.099 371.386 -2166.6
-118.096 371.387 -2166.6
-118.097 371.386 -2166.59
-118.1 371.387 -2166.6
-118.098 371.388 -2166.61
-118.097 371.388 -2166.6
-118.098 371.389 -2166.6
-118.099 371.387 -2166.6
-118.098 371.388 -2166.6
-118.099 371.389 -2166.61
-118.1 371.389 -2166.6
-118.096 371.385 -2166.59
-118.098 371.39 -2166.6
-118.1 371.389 -2166.6
-118.098 371.39 -2166.6
-118.097 371.388 -2166.6
-118.098 371.387 -2166.6
-118.099 371.388 -2166.6
-118.095 371.389 -2166.6
-118.098 371.388 -2166.59
-118.098 371.391 -2166.61
-118.1 371.39 -2166.62
-118.097 371.387 -2166.6
-118.098 371.389 -2166.6
-118.097 371.389 -2166.59
-118.096 371.39 -2166.6
-118.098 371.391 -2166.6
-118.097 371.388 -2166.59
-118.097 371.387 -2166.59
-118.097 371.389 -2166.6
-118.096 371.387 -2166.6
-118.098 371.39 -2166.6
-118.099 371.39 -2166.62
-118.098 371.385 -2166.6
-118.099 371.386 -2166.6
-118.097 371.386 -2166.59
-118.098 371.388 -2166.6
-118.097 371.389 -2166.6
-118.101 371.39 -2166.61
-118.099 371.391 -2166.61
-118.098 371.391 -2166.61
-118.097 371.391 -2166.61
-118.095 371.387 -2166.6
-118.095 371.389 -2166.6
-118.096 371.388 -2166.6
-118.095 371.388 -2166.6
-118.094 371.388 -2166.6
-118.097 371.389 -2166.6
-118.1 371.389 -2166.6
-118.1 371.389 -2166.6
-118.099 371.39 -2166.6
-118.097 371.39 -2166.61
-118.096 371.387 -2166.6
-118.095 371.387 -2166.59
-118.095 371.39 -2166.6
-118.097 371.388 -2166.6
-118.095 371.388 -2166.59
-118.099 371.391 -2166.61
-118.096 371.391 -2166.61
-118.094 371.388 -2166.6
-118.097 371.391 -2166.6
-118.096 371.392 -2166.6
-118.096 371.389 -2166.6
-118.095 371.387 -2166.59
-118.095 371.388 -2166.6
-118.095 371.388 -2166.6
-118.094 371.385 -2166.59
-118.092 371.389 -2166.59
-118.096 371.388 -2166.6
-118.098 371.389 -2166.6
-118.099 371.391 -2166.61
-118.097 371.389 -2166.61
-118.096 371.387 -2166.6
-118.096 371.391 -2166.6
-118.096 371.389 -2166.6
-118.095 371.388 -2166.61
-118.096 371.389 -2166.6
-118.096 371.389 -2166.6
-118.096 371.389 -2166.6
-118.096 371.389 -2166.61
-118.096 371.387 -2166.6
-118.092 371.388 -2166.6
-118.096 371.389 -2166.6
-118.097 371.389 -2166.6
-118.095 371.389 -2166.6
-118.095 371.39 -2166.6
-118.091 371.388 -2166.59
-118.097 371.388 -2166.6
-118.097 371.386 -2166.6
-118.098 371.39 -2166.61
-118.094 371.389 -2166.6
-118.096 371.39 -2166.6
-118.094 371.389 -2166.59
-118.094 371.389 -2166.6
-118.093 371.39 -2166.6
-118.098 371.389 -2166.6
-118.097 371.39 -2166.59
-118.097 371.389 -2166.59
-118.096 371.39 -2166.59
-118.093 371.388 -2166.6
-118.096 371.388 -2166.59
-118.096 371.391 -2166.6
-118.095 371.392 -2166.6
-118.093 371.391 -2166.61
-118.1 371.39 -2166.61
-118.097 371.392 -2166.6
-118.098 371.389 -2166.6
-118.093 371.389 -2166.6
-118.096 371.389 -2166.6
-118.095 371.388 -2166.59
-118.094 371.388 -2166.6
-118.093 371.391 -2166.6
-118.096 371.391 -2166.6
-118.095 371.39 -2166.6
-118.097 371.39 -2166.6
-118.097 371.389 -2166.61
-118.096 371.389 -2166.6
-118.095 371.388 -2166.6
-118.097 371.389 -2166.6
-118.097 371.392 -2166.61
-118.097 371.389 -2166.6
-118.094 371.389 -2166.61
-118.094 371.389 -2166.6
-118.098 371.39 -2166.61
-118.097 371.389 -2166.61
-118.095 371.389 -2166.6
-118.096 371.389 -2166.6
-118.097 371.389 -2166.6
-118.098 371.388 -2166.61
-118.095 371.39 -2166.6
-118.097 371.387 -2166.6
-118.098 371.392 -2166.61
-118.099 371.39 -2166.62
-118.094 371.391 -2166.61
-118.095 371.39 -2166.6
-118.096 371.39 -2166.6
-118.095 371.39 -2166.6
-118.096 371.391 -2166.6
-118.096 371.391 -2166.61
-118.093 371.388 -2166.6
-118.094 371.388 -2166.6
-118.094 371.389 -2166.6
-118.097 371.389 -2166.6
-118.096 371.391 -2166.6
-118.096 371.392 -2166.6
-118.098 371.391 -2166.6
-118.097 371.39 -2166.61
-118.097 371.39 -2166.6
-118.097 371.388 -2166.59
-118.098 371.389 -2166.61
-118.095 371.39 -2166.61
-118.097 371.392 -2166.62
-118.098 371.39 -2166.61
-118.094 371.391 -2166.61
-118.097 371.39 -2166.6
-118.097 371.391 -2166.61
-118.098 371.39 -2166.61
-118.098 371.389 -2166.61
-118.098 371.391 -2166.61
-118.096 371.389 -2166.61
-118.098 371.391 -2166.62
-118.097 371.389 -2166.6
-118.097 371.389 -2166.61
-118.096 371.389 -2166.61
-118.097 371.391 -2166.61
-118.096 371.39 -2166.61
-118.097 371.391 -2166.61
-118.095 371.39 -2166.6
-118.094 371.389 -2166.6
-118.095 371.39 -2166.61
-118.096 371.393 -2166.61
-118.097 371.391 -2166.6
-118.096 371.391 -2166.59
-118.096 371.389 -2166.6
-118.096 371.392 -2166.61
-118.097 371.389 -2166.61
-118.096 371.392 -2166.61
-118.099 371.39 -2166.61
-118.094 371.389 -2166.6
-118.096 371.391 -2166.6
-118.097 371.39 -2166.6
-118.095 371.39 -2166.6
-118.096 371.388 -2166.6
-118.095 371.389 -2166.6
-118.095 371.391 -2166.6
-118.099 371.392 -2166.61
-118.096 371.39 -2166.61
-118.097 371.392 -2166.61
-118.097 371.393 -2166.61
-118.099 371.393 -2166.62
-118.097 371.391 -2166.6
-118.097 371.392 -2166.6
-118.097 371.391 -2166.6
-118.096 371.392 -2166.6
-118.097 371.389 -2166.6
-118.095 371.388 -2166.6
-118.098 371.391 -2166.6
-118.096 371.391 -2166.6
-118.097 371.392 -2166.61
-118.097 371.392 -2166.61
-118.098 371.394 -2166.6
-118.096 371.386 -2166.59
-118.096 371.39 -2166.61
-118.096 371.392 -2166.6
-118.095 371.388 -2166.59
-118.096 371.389 -2166.59
-118.097 371.389 -2166.6
-118.098 371.392 -2166.61
-118.097 371.39 -2166.6
-118.098 371.389 -2166.6
-118.098 371.391 -2166.61
-118.097 371.391 -2166.61
-118.096 371.391 -2166.6
-118.095 371.391 -2166.59
-118.095 371.389 -2166.6
-118.096 371.391 -2166.61
-118.097 371.39 -2166.61
-118.094 371.39 -2166.6
-118.096 371.392 -2166.6
-118.097 371.391 -2166.6
-118.095 371.389 -2166.6
-118.097 371.387 -2166.59
-118.096 371.391 -2166.6
-118.099 371.391 -2166.6
-118.098 371.39 -2166.6
-118.099 371.388 -2166.59
-118.099 371.39 -2166.59
-118.097 371.389 -2166.6
-118.098 371.391 -2166.6
-118.098 371.39 -2166.6
-118.096 371.392 -2166.6
-118.098 371.391 -2166.61
-118.098 371.391 -2166.6
-118.096 371.391 -2166.6
-118.094 371.391 -2166.6
-118.097 371.391 -2166.6
-118.096 371.389 -2166.59
-118.097 371.391 -2166.6
-118.098 371.392 -2166.6
-118.096 371.39 -2166.59
-118.095 371.39 -2166.59
-118.097 371.389 -2166.59
-118.095 371.391 -2166.6
-118.098 371.392 -2166.6
-118.097 371.39 -2166.6
-118.096 371.39 -2166.59
-118.094 371.39 -2166.6
-118.097 371.39 -2166.6
-118.097 371.392 -2166.6
-118.095 371.392 -2166.61
-118.093 371.39 -2166.6
-118.095 371.392 -2166.6
-118.094 371.391 -2166.6
-118.097 371.389 -2166.6
-118.096 371.388 -2166.6
-118.098 371.391 -2166.6
-118.099 371.39 -2166.6
-118.101 371.389 -2166.6
-118.101 371.391 -2166.6
-118.098 371.392 -2166.6
-118.097 371.393 -2166.6
-118.098 371.391 -2166.6
-118.093 371.391 -2166.6
-118.094 371.39 -2166.6
-118.095 371.389 -2166.59
-118.096 371.391 -2166.6
-118.098 371.391 -2166.61
-118.095 371.39 -2166.6
-118.096 371.388 -2166.6
-118.094 371.39 -2166.6
-118.094 371.391 -2166.6
-118.095 371.39 -2166.61
-118.093 371.391 -2166.6
-118.091 371.391 -2166.59
-118.093 371.392 -2166.6
-118.093 371.392 -2166.6
-118.091 371.389 -2166.6
-118.092 371.39 -2166.6
-118.092 371.39 -2166.59
-118.091 371.391 -2166.59
-118.091 371.39 -2166.6
-118.093 371.39 -2166.6
-118.091 371.39 -2166.6
-118.094 371.392 -2166.61
-118.095 371.392 -2166.6
-118.094 371.392 -2166.6
-118.095 371.392 -2166.6
-118.096 371.392 -2166.6
-118.097 371.388 -2166.6
-118.094 371.393 -2166.61
-118.094 371.391 -2166.6
-118.092 371.39 -2166.6
-118.093 371.391 -2166.59
-118.094 371.391 -2166.6
-118.093 371.39 -2166.59
-118.091 371.391 -2166.59
-118.093 371.39 -2166.59
-118.097 371.392 -2166.6
-118.096 371.392 -2166.6
-118.096 371.393 -2166.6
-118.096 371.392 -2166.6
-118.096 371.39 -2166.59
-118.096 371.392 -2166.6
-118.096 371.393 -2166.6
-118.096 371.391 -2166.6
-118.094 371.39 -2166.59
-118.095 371.391 -2166.59
-118.094 371.391 -2166.6
-118.094 371.389 -2166.6
-118.096 371.391 -2166.6
-118.095 371.393 -2166.6
-118.097 371.39 -2166.59
-118.094 371.391 -2166.59
-118.093 371.391 -2166.59
-118.094 371.39 -2166.6
-118.093 371.39 -2166.59
-118.095 371.393 -2166.6
-118.093 371.393 -2166.6
-118.09 371.393 -2166.6
-118.092 371.391 -2166.59
-118.094 371.392 -2166.6
-118.09 371.393 -2166.6
-118.091 371.391 -2166.59
-118.093 371.393 -2166.6
-118.093 371.391 -2166.6
-118.092 371.391 -2166.6
-118.096 371.391 -2166.6
-118.094 371.392 -2166.61
-118.094 371.393 -2166.61
-118.095 371.389 -2166.6
-118.095 371.392 -2166.6
-118.094 371.39 -2166.59
-118.095 371.393 -2166.6
-118.09 371.391 -2166.6
-118.09 371.39 -2166.59
-118.092 371.393 -2166.59
-118.091 371.391 -2166.6
-118.09 371.394 -2166.6
-118.093 371.392 -2166.6
-118.092 371.392 -2166.59
-118.093 371.394 -2166.6
-118.096 371.392 -2166.6
-118.095 371.391 -2166.6
-118.093 371.391 -2166.59
-118.093 371.393 -2166.59
-118.094 371.392 -2166.59
-118.095 371.391 -2166.6
-118.094 371.392 -2166.6
-118.094 371.39 -2166.59
-118.092 371.392 -2166.6
-118.093 371.391 -2166.6
-118.096 371.392 -2166.6
-118.094 371.391 -2166.58
-118.093 371.392 -2166.6
-118.094 371.391 -2166.6
-118.095 371.393 -2166.61
-118.094 371.392 -2166.6
-118.095 371.393 -2166.6
-118.095 371.39 -2166.6
-118.093 371.391 -2166.6
-118.095 371.394 -2166.6
-118.093 371.395 -2166.61
-118.093 371.393 -2166.6
-118.093 371.394 -2166.6
-118.091 371.394 -2166.6
-118.09 371.393 -2166.6
-118.092 371.394 -2166.6
-118.094 371.394 -2166.6
-118.093 371.392 -2166.6
-118.095 371.394 -2166.6
-118.096 371.394 -2166.61
-118.093 371.394 -2166.6
-118.095 371.394 -2166.6
-118.093 371.392 -2166.6
-118.093 371.392 -2166.6
-118.095 371.394 -2166.61
-118.094 371.395 -2166.61
-118.092 371.392 -2166.6
-118.091 371.394 -2166.6
-118.095 371.391 -2166.59
-118.095 371.393 -2166.6
-118.091 371.392 -2166.59
-118.093 371.393 -2166.6
-118.095 371.392 -2166.6
-118.093 371.391 -2166.59
-118.096 371.393 -2166.6
-118.093 371.394 -2166.59
-118.092 371.396 -2166.6
-118.095 371.395 -2166.62
-118.096 371.394 -2166.6
-118.096 371.393 -2166.6
-118.096 371.394 -2166.61
-118.096 371.392 -2166.6
-118.095 371.393 -2166.6
-118.095 371.393 -2166.6
-118.096 371.394 -2166.6
-118.096 371.393 -2166.6
-118.096 371.393 -2166.6
-118.096 371.392 -2166.6
-118.095 371.393 -2166.59
-118.096 371.394 -2166.6
-118.093 371.395 -2166.61
-118.094 371.394 -2166.59
-118.094 371.391 -2166.59
-118.095 371.394 -2166.6
-118.092 371.393 -2166.6
-118.092 371.391 -2166.59
-118.097 371.394 -2166.61
-118.096 371.393 -2166.61
-118.096 371.394 -2166.6
-118.094 371.392 -2166.59
-118.097 371.393 -2166.61
-118.094 371.394 -2166.61
-118.097 371.396 -2166.6
-118.095 371.393 -2166.6
-118.094 371.39 -2166.59
-118.092 371.393 -2166.59
-118.094 371.39 -2166.59
-118.095 371.392 -2166.6
-118.095 371.395 -2166.61
-118.093 371.394 -2166.6
-118.094 371.396 -2166.61
-118.097 371.394 -2166.59
-118.095 371.393 -2166.59
-118.094 371.394 -2166.61
-118.095 371.394 -2166.61
-118.095 371.395 -2166.6
-118.095 371.396 -2166.61
-118.096 371.393 -2166.6
-118.094 371.396 -2166.6
-118.093 371.394 -2166.6
-118.095 371.395 -2166.6
-118.094 371.393 -2166.6
-118.094 371.393 -2166.6
-118.095 371.392 -2166.6
-118.097 371.393 -2166.6
-118.092 371.395 -2166.6
-118.095 371.393 -2166.61
-118.095 371.393 -2166.6
-118.095 371.395 -2166.6
-118.096 371.395 -2166.59
-118.096 371.395 -2166.61
-118.096 371.394 -2166.61
-118.094 371.393 -2166.6
-118.093 371.392 -2166.6
-118.094 371.393 -2166.59
-118.094 371.394 -2166.6
-118.097 371.395 -2166.6
-118.095 371.394 -2166.6
-118.095 371.393 -2166.61
-118.094 371.394 -2166.62
-118.094 371.394 -2166.6
-118.098 371.395 -2166.6
-118.093 371.393 -2166.6
