1678676984629 1678676984654 0 1
1678676984654 1678676984679 0 2
1678676984679 1678676984704 0 3
1678676984704 1678676984729 0 4
1678676984729 1678676984754 0 5
1678676984754 1678676984779 0 6
1678676984779 1678676984804 0 7
1678676984804 1678676984829 0 8
1678676984829 1678676984854 0 9
1678676984854 1678676984879 0 10
1678676984879 1678676984904 0 11
1678676984904 1678676984929 0 12
1678676984929 1678676984954 0 13
1678676984954 1678676984979 0 14
1678676984979 1678676985004 0 15
1678676985004 1678676985029 0 16
1678676985029 1678676985054 0 17
1678676985054 1678676985079 0 18
1678676985079 1678676985104 0 19
1678676985104 1678676985129 0 20
1678676985129 1678676985154 0 21
1678676985154 1678676985179 0 22
1678676985179 1678676985204 0 23
1678676985204 1678676985229 0 24
1678676985229 1678676985254 0 25
1678676985254 1678676985279 0 26
1678676985279 1678676985304 0 27
1678676985304 1678676985329 0 28
1678676985329 1678676985354 0 29
1678676985354 1678676985379 0 30
1678676985379 1678676985404 0 31
1678676985404 1678676985429 0 32
1678676985429 1678676985454 0 33
1678676985454 1678676985479 0 34
1678676985479 1678676985504 0 35
1678676985504 1678676985529 0 36
1678676985529 1678676985554 0 37
1678676985554 1678676985579 0 38
1678676985579 1678676985604 0 39
1678676985604 1678676985629 0 40
1678676985629 1678676985654 0 41
1678676985654 1678676985679 0 42
1678676985679 1678676985704 0 43
1678676985704 1678676985729 0 44
1678676985729 1678676985754 0 45
1678676985754 1678676985779 0 46
1678676985779 1678676985804 0 47
1678676985804 1678676985829 0 48
1678676985829 1678676985854 0 49
1678676985854 1678676985879 0 50
1678676985879 1678676985904 0 51
1678676985904 1678676985929 0 52
1678676985929 1678676985954 0 53
1678676985954 1678676985979 0 54
1678676985979 1678676986004 0 55
1678676986004 1678676986029 0 56
1678676986029 1678676986054 0 57
1678676986054 1678676986079 0 58
1678676986079 1678676986104 0 59
1678676986104 1678676986129 0 60
1678676986129 1678676986154 0 61
1678676986154 1678676986179 0 62
1678676986179 1678676986204 0 63
1678676986204 1678676986229 0 64
1678676986229 1678676986254 0 65
1678676986254 1678676986279 0 66
1678676986279 1678676986304 0 67
1678676986304 1678676986329 0 68
1678676986329 1678676986354 0 69
1678676986354 1678676986379 0 70
1678676986379 1678676986404 0 71
1678676986404 1678676986429 0 72
1678676986429 1678676986454 0 73
1678676986454 1678676986479 0 74
1678676986479 1678676986504 0 75
1678676986504 1678676986529 0 76
1678676986529 1678676986554 0 77
1678676986554 1678676986579 0 78
1678676986579 1678676986604 0 79
1678676986604 1678676986629 0 80
1678676986629 1678676986654 0 81
1678676986654 1678676986679 0 82
1678676986679 1678676986704 0 83
1678676986704 1678676986729 0 84
1678676986729 1678676986754 0 85
1678676986754 1678676986779 0 86
1678676986779 1678676986804 0 87
1678676986804 1678676986829 0 88
1678676986829 1678676986854 0 89
1678676986854 1678676986879 0 90
1678676986879 1678676986904 0 91
1678676986904 1678676986929 0 92
1678676986929 1678676986954 0 93
1678676986954 1678676986979 0 94
1678676986979 1678676987004 0 95
1678676987004 1678676987029 0 96
1678676987029 1678676987054 0 97
1678676987054 1678676987079 0 98
1678676987079 1678676987104 0 99
1678676987104 1678676987129 0 100
1678676987129 1678676987154 0 101
1678676987154 1678676987179 0 102
1678676987179 1678676987204 0 103
1678676987204 1678676987229 0 104
1678676987229 1678676987254 0 105
1678676987254 1678676987279 0 106
1678676987279 1678676987304 0 107
1678676987304 1678676987329 0 108
1678676987329 1678676987354 0 109
1678676987354 1678676987379 0 110
1678676987379 1678676987404 0 111
1678676987404 1678676987429 0 112
1678676987429 1678676987454 0 113
1678676987454 1678676987479 0 114
1678676987479 1678676987504 0 115
1678676987504 1678676987529 0 116
1678676987529 1678676987554 0 117
1678676987554 1678676987579 0 118
1678676987579 1678676987604 0 119
1678676987604 1678676987629 0 120
1678676987629 1678676987654 0 121
1678676987654 1678676987679 0 122
1678676987679 1678676987704 0 123
1678676987704 1678676987729 0 124
1678676987729 1678676987754 0 125
1678676987754 1678676987779 0 126
1678676987779 1678676987804 0 127
1678676987804 1678676987829 0 128
1678676987829 1678676987854 0 129
1678676987854 1678676987879 0 130
1678676987879 1678676987904 0 131
1678676987904 1678676987929 0 132
1678676987929 1678676987954 0 133
1678676987954 1678676987979 0 134
1678676987979 1678676988004 0 135
1678676988004 1678676988029 0 136
1678676988029 1678676988054 0 137
1678676988054 1678676988079 0 138
1678676988079 1678676988104 0 139
1678676988104 1678676988129 0 140
1678676988129 1678676988154 0 141
1678676988154 1678676988179 0 142
1678676988179 1678676988204 0 143
1678676988204 1678676988229 0 144
1678676988229 1678676988254 0 145
1678676988254 1678676988279 0 146
1678676988279 1678676988304 0 147
1678676988304 1678676988329 0 148
1678676988329 1678676988354 0 149
1678676988354 1678676988379 0 150
1678676988379 1678676988404 0 151
1678676988404 1678676988429 0 152
1678676988429 1678676988454 0 153
1678676988454 1678676988479 0 154
1678676988479 1678676988504 0 155
1678676988504 1678676988529 0 156
1678676988529 1678676988554 0 157
1678676988554 1678676988579 0 158
1678676988579 1678676988604 0 159
1678676988604 1678676988629 0 160
1678676988629 1678676988654 0 161
1678676988654 1678676988679 0 162
1678676988679 1678676988704 0 163
1678676988704 1678676988729 0 164
1678676988729 1678676988754 0 165
1678676988754 1678676988779 0 166
1678676988779 1678676988804 0 167
1678676988804 1678676988829 0 168
1678676988829 1678676988854 0 169
1678676988854 1678676988879 0 170
1678676988879 1678676988904 0 171
1678676988904 1678676988929 0 172
1678676988929 1678676988954 0 173
1678676988954 1678676988979 0 174
1678676988979 1678676989004 0 175
1678676989004 1678676989029 0 176
1678676989029 1678676989054 0 177
1678676989054 1678676989079 0 178
1678676989079 1678676989104 0 179
1678676989104 1678676989129 0 180
1678676989129 1678676989154 0 181
1678676989154 1678676989179 0 182
1678676989179 1678676989204 0 183
1678676989204 1678676989229 0 184
1678676989229 1678676989254 0 185
1678676989254 1678676989279 0 186
1678676989279 1678676989304 0 187
1678676989304 1678676989329 0 188
1678676989329 1678676989354 0 189
1678676989354 1678676989379 0 190
1678676989379 1678676989404 0 191
1678676989404 1678676989429 0 192
1678676989429 1678676989454 0 193
1678676989454 1678676989479 0 194
1678676989479 1678676989504 0 195
1678676989504 1678676989529 0 196
1678676989529 1678676989554 0 197
1678676989554 1678676989579 0 198
1678676989579 1678676989604 0 199
1678676989604 1678676989629 0 200
1678676989629 1678676989654 0 201
1678676989654 1678676989679 0 202
1678676989679 1678676989704 0 203
1678676989704 1678676989729 0 204
1678676989729 1678676989754 0 205
1678676989754 1678676989779 0 206
1678676989779 1678676989804 0 207
1678676989804 1678676989829 0 208
1678676989829 1678676989854 0 209
1678676989854 1678676989879 0 210
1678676989879 1678676989904 0 211
1678676989904 1678676989929 0 212
1678676989929 1678676989954 0 213
1678676989954 1678676989979 0 214
1678676989979 1678676990004 0 215
1678676990004 1678676990029 0 216
1678676990029 1678676990054 0 217
1678676990054 1678676990079 0 218
1678676990079 1678676990104 0 219
1678676990104 1678676990129 0 220
1678676990129 1678676990154 0 221
1678676990154 1678676990179 0 222
1678676990179 1678676990204 0 223
1678676990204 1678676990229 0 224
1678676990229 1678676990254 0 225
1678676990254 1678676990279 0 226
1678676990279 1678676990304 0 227
1678676990304 1678676990329 0 228
1678676990329 1678676990354 0 229
1678676990354 1678676990379 0 230
1678676990379 1678676990404 0 231
1678676990404 1678676990429 0 232
1678676990429 1678676990454 0 233
1678676990454 1678676990479 0 234
1678676990479 1678676990504 0 235
1678676990504 1678676990529 0 236
1678676990529 1678676990554 0 237
1678676990554 1678676990579 0 238
1678676990579 1678676990604 0 239
1678676990604 1678676990629 0 240
1678676990629 1678676990654 0 241
1678676990654 1678676990679 0 242
1678676990679 1678676990704 0 243
1678676990704 1678676990729 0 244
1678676990729 1678676990754 0 245
1678676990754 1678676990779 0 246
1678676990779 1678676990804 0 247
1678676990804 1678676990829 0 248
1678676990829 1678676990854 0 249
1678676990854 1678676990879 0 250
1678676990879 1678676990904 0 251
1678676990904 1678676990929 0 252
1678676990929 1678676990954 0 253
1678676990954 1678676990979 0 254
1678676990979 1678676991004 0 255
1678676991004 1678676991029 0 256
1678676991029 1678676991054 0 257
1678676991054 1678676991079 0 258
1678676991079 1678676991104 0 259
1678676991104 1678676991129 0 260
1678676991129 1678676991154 0 261
1678676991154 1678676991179 0 262
1678676991179 1678676991204 0 263
1678676991204 1678676991229 0 264
1678676991229 1678676991254 0 265
1678676991254 1678676991279 0 266
1678676991279 1678676991304 0 267
1678676991304 1678676991329 0 268
1678676991329 1678676991354 0 269
1678676991354 1678676991379 0 270
1678676991379 1678676991404 0 271
1678676991404 1678676991429 0 272
1678676991429 1678676991454 0 273
1678676991454 1678676991479 0 274
1678676991479 1678676991504 0 275
1678676991504 1678676991529 0 276
1678676991529 1678676991554 0 277
1678676991554 1678676991579 0 278
1678676991579 1678676991604 0 279
1678676991604 1678676991629 0 280
1678676991629 1678676991654 0 281
1678676991654 1678676991679 0 282
1678676991679 1678676991704 0 283
1678676991704 1678676991729 0 284
1678676991729 1678676991754 0 285
1678676991754 1678676991779 0 286
1678676991779 1678676991804 0 287
1678676991804 1678676991829 0 288
1678676991829 1678676991854 0 289
1678676991854 1678676991879 0 290
1678676991879 1678676991904 0 291
1678676991904 1678676991929 0 292
1678676991929 1678676991954 0 293
1678676991954 1678676991979 0 294
1678676991979 1678676992004 0 295
1678676992004 1678676992029 0 296
1678676992029 1678676992054 0 297
1678676992054 1678676992079 0 298
1678676992079 1678676992104 0 299
1678676992104 1678676992129 0 300
1678676992129 1678676992154 0 301
1678676992154 1678676992179 0 302
1678676992179 1678676992204 0 303
1678676992204 1678676992229 0 304
1678676992229 1678676992254 0 305
1678676992254 1678676992279 0 306
1678676992279 1678676992304 0 307
1678676992304 1678676992329 0 308
1678676992329 1678676992354 0 309
1678676992354 1678676992379 0 310
1678676992379 1678676992404 0 311
1678676992404 1678676992429 0 312
1678676992429 1678676992454 0 313
1678676992454 1678676992479 0 314
1678676992479 1678676992504 0 315
1678676992504 1678676992529 0 316
1678676992529 1678676992554 0 317
1678676992554 1678676992579 0 318
1678676992579 1678676992604 0 319
1678676992604 1678676992629 0 320
1678676992629 1678676992654 0 321
1678676992654 1678676992679 0 322
1678676992679 1678676992704 0 323
1678676992704 1678676992729 0 324
1678676992729 1678676992754 0 325
1678676992754 1678676992779 0 326
1678676992779 1678676992804 0 327
1678676992804 1678676992829 0 328
1678676992829 1678676992854 0 329
1678676992854 1678676992879 0 330
1678676992879 1678676992904 0 331
1678676992904 1678676992929 0 332
1678676992929 1678676992954 0 333
1678676992954 1678676992979 0 334
1678676992979 1678676993004 0 335
1678676993004 1678676993029 0 336
1678676993029 1678676993054 0 337
1678676993054 1678676993079 0 338
1678676993079 1678676993104 0 339
1678676993104 1678676993129 0 340
1678676993129 1678676993154 0 341
1678676993154 1678676993179 0 342
1678676993179 1678676993204 0 343
1678676993203 1678676993229 0 344
1678676993228 1678676993254 0 345
1678676993253 1678676993279 0 346
1678676993278 1678676993304 0 347
1678676993303 1678676993329 0 348
1678676993328 1678676993354 0 349
1678676993353 1678676993379 0 350
1678676993378 1678676993404 0 351
1678676993403 1678676993429 0 352
1678676993428 1678676993454 0 353
1678676993453 1678676993479 0 354
1678676993478 1678676993504 0 355
1678676993503 1678676993529 0 356
1678676993528 1678676993554 0 357
1678676993553 1678676993579 0 358
1678676993578 1678676993604 0 359
1678676993603 1678676993629 0 360
1678676993628 1678676993654 0 361
1678676993653 1678676993679 0 362
1678676993678 1678676993704 0 363
1678676993703 1678676993729 0 364
1678676993728 1678676993754 0 365
1678676993753 1678676993779 0 366
1678676993778 1678676993804 0 367
1678676993803 1678676993829 0 368
1678676993828 1678676993854 0 369
1678676993853 1678676993879 0 370
1678676993878 1678676993904 0 371
1678676993903 1678676993929 0 372
1678676993928 1678676993954 0 373
1678676993953 1678676993979 0 374
1678676993978 1678676994004 0 375
1678676994003 1678676994029 0 376
1678676994028 1678676994054 0 377
1678676994053 1678676994079 0 378
1678676994078 1678676994104 0 379
1678676994103 1678676994129 0 380
1678676994128 1678676994154 0 381
1678676994153 1678676994179 0 382
1678676994178 1678676994204 0 383
1678676994203 1678676994229 0 384
1678676994228 1678676994254 0 385
1678676994253 1678676994279 0 386
1678676994278 1678676994304 0 387
1678676994303 1678676994329 0 388
1678676994328 1678676994354 0 389
1678676994353 1678676994379 0 390
1678676994378 1678676994404 0 391
1678676994403 1678676994429 0 392
1678676994428 1678676994454 0 393
1678676994453 1678676994479 0 394
1678676994478 1678676994504 0 395
1678676994503 1678676994529 0 396
1678676994528 1678676994554 0 397
1678676994553 1678676994579 0 398
1678676994578 1678676994604 0 399
1678676994603 1678676994629 0 400
